{
  "height": 32,
  "width": 113,
  "x": 725.4874877929688,
  "y": 2206.900146484375
}