{
  "height": 46,
  "width": 62,
  "x": 166.9250030517578,
  "y": 31.200000762939453
}